Epoch   Loss      Val NDCG  Test NDCG Val Recall  Test Recall Val Prec  Test Prec LR        Neg Samp  
                  @10    @10    @10      @10      @10    @10                        
------------------------------------------------------------------------------------------------------
1       16.1031   0.0450    0.0460    0.0000      0.0011      0.0000    0.0001    0.000101  3.0       
2       15.0379   0.0460    0.0460    0.0011      0.0011      0.0001    0.0001    0.000106  3.7       
3       14.7288   0.0450    0.0450    0.0000      0.0000      0.0000    0.0000    0.000112  4.4       
4       14.3809   0.0450    0.0450    0.0000      0.0000      0.0000    0.0000    0.000122  5.1       
5       13.7427   0.0450    0.0460    0.0000      0.0011      0.0000    0.0001    0.000134  5.8       
6       13.3382   0.0450    0.0450    0.0000      0.0000      0.0000    0.0000    0.000149  6.5       
7       12.8865   0.0450    0.0450    0.0000      0.0000      0.0000    0.0000    0.000166  7.2       
8       12.2081   0.0460    0.0450    0.0011      0.0000      0.0001    0.0000    0.000186  7.9       
9       11.6859   0.0450    0.0450    0.0000      0.0000      0.0000    0.0000    0.000208  8.6       
10      11.1270   0.0450    0.0450    0.0000      0.0000      0.0000    0.0000    0.000232  9.3       
11      10.5584   0.0450    0.0450    0.0000      0.0000      0.0000    0.0000    0.000258  10.0      
12      10.0040   0.0450    0.0450    0.0000      0.0000      0.0000    0.0000    0.000286  10.0      
13      9.6871    0.0450    0.0449    0.0000      0.0000      0.0000    0.0000    0.000315  10.0      
14      9.4651    0.0450    0.0449    0.0000      0.0000      0.0000    0.0000    0.000346  10.0      
15      9.2285    0.0450    0.0450    0.0000      0.0000      0.0000    0.0000    0.000378  10.0      
16      8.9688    0.0450    0.0450    0.0000      0.0000      0.0000    0.0000    0.000411  10.0      
17      8.6853    0.0450    0.0450    0.0000      0.0000      0.0000    0.0000    0.000445  10.0      

Best Results:
------------------------------------------------------------------------------------------------------
Best Epoch: 2
Best Val NDCG@10: 0.0460
Test NDCG@10 at Best Epoch: 0.0460
Val Recall@10 at Best Epoch: 0.0011
Test Recall@10 at Best Epoch: 0.0011
Val Precision@10 at Best Epoch: 0.0001
Test Precision@10 at Best Epoch: 0.0001
Parameters at Best Epoch:
- Learning Rate: 0.000106
- Negative Samples: 3.7
- Loss: 15.0379
